92925
92927
92928
92929
92930
92931
92932
92933
92934
92935
92936
92937
92938
92940
92943
92949
92950
92951
92952
92953
92954
92955
92957
92958
92961
92962
92963
92964
92965
92966
92967
92968
92969
92970
92971
92972
92973
92974
92975
92976
92977
92978
92979
92980
92981
92982
92983
92984
92985
92986
92987
92988
92989
92990
92991
92992
92993
92994
92995
92996
92997
92998
92999
93000
93001
93002
93003
93004
93005
93006
93007
93008
93009
93010
93011
93012
93013
93017
93018
93019
93020
93021
93022
93023
93024
93025
93033
93042
93046
93047
93053
93057
93061
93063
93064
93067
93071
93073
93074
93075
93076
93077
93078
93079
93080
93081
93082
93083
93084
93085
93087
93088
93091
93093
93094
93095
93097
93098
93099
93100
93101
93102
93103
93104
93105
93106
93107
93108
93109
93110
93111
93112
93113
93114
93115
93116
93117
93118
93119
93120
93121
93124
93130
93131
93132
93133
93134
93135
93136
93137
93138
93139
93140
93141
93142
93143
93144
93145
93146
93147
93148
93149
93150
93151
93152
93153
93154
93155
93168
93169
93170
93171
93177
93180
93181
93183
93186
93187
93195
93198
93199
93200
93201
93222
93223
93228
93229
93230
93231
93232
93233
93234
93235
93236
93237
93239
93243
93244
93262
93263
93264
93265
93266
93270
93275
93276
93279
93282
93285
93290
93295
93301
93304
93309
93321
93322
93323
93324
93325
93326
93327
93328
93329
93330
93331
93332
93333
93334
93335
93336
93337
93338
93339
93340
93363
93364
93365
93366
93367
93373
93378
93380
93385
93386
93387
93388
93389
93390
93391
93392
93393
93396
93397
93398
93399
93400
93401
93402
93403
93405
93411
93412
93413
93414
93415
93417
93418
93419
93420
93423
93424
93425
93426
93431
93438
93439
93441
93442
93445
93446
93447
93448
93449
93452
93453
93454
93455
93456
93457
93466
93467
93468
93469
93470
93471
93472
93473
93474
93475
93476
93477
93478
93479
93480
93481
93482
93483
93484
93485
93486
93487
93488
93489
93490
93491
93492
93493
93494
93495
93496
93497
93498
93499
93500
93501
93502
93503
93504
93505
93506
93507
93508
93509
93511
93513
93515
93516
93517
93518
93519
93523
93524
93525
93526
93527
93528
93529
93530
93531
93532
93533
93534
93535
93536
93537
93538
93539
93540
93541
93542
93543
93544
93545
93548
93549
93550
93553
93554
93555
93556
93557
93558
93559
93560
93561
93562
93563
93564
93565
93569
93570
93571
93573
93576
93577
93578
93579
93581
93582
93583
93586
93587
93588
93589
93590
93591
93593
93595
93598
93599
93600
93602
93603
93605
93607
93608
93610
93611
93612
93613
93614
93616
93618
93619
93620
93621
93622
93623
93624
93625
93626
93627
93628
93629
93630
93631
93632
93633
93634
93635
93636
93637
93638
93639
93640
93641
93642
93645
93647
93648
93649
93650
93652
93664
93665
93668
93669
93670
93671
93672
93673
93674
93675
93676
93677
93683
93687
93688
93690
93691
93692
93693
93694
93695
93696
93697
93698
93699
93700
93701
93702
93703
93704
93705
93706
93707
93708
93709
93710
93711
93712
93713
93714
93715
93716
93717
93718
93719
93720
93721
93722
93741
93742
93743
93744
93748
93749
93750
93751
93752
93753
93755
93756
93757
93758
93760
93761
93762
93763
93764
93765
93766
93768
93769
93770
93772
93774
93781
93782
93783
93784
93785
93789
93790
93792
93793
93794
93795
93796
93800
93804
93805
93806
93807
93808
93809
93812
93813
93814
93815
93816
93817
93818
93819
93820
93821
93822
93829
93837
93838
93839
93840
93841
93842
93843
93849
93851
93852
93853
93855
93856
93857
93858
93859
93860
93861
93863
93864
93866
93867
93868
93869
93870
93871
93872
93873
93874
93875
93876
93877
93878
93879
93880
93881
93882
93883
93884
93888
93890
93891
93892
93893
93895
93896
93897
93898
93899
93901
93902
93904
93905
93906
93907
93908
93910
93912
93913
93914
93915
93916
93917
93918
93919
93920
93921
93922
93923
93924
93929
93930
93931
93933
93934
93935
93936
93937
93941
93942
93943
93944
93945
93946
93947
93953
93957
93959
93960
93961
93962
93966
93967
93969
93980
93981
93982
93983
93984
93985
93986
93987
93988
93989
93990
93991
93992
93993
93994
93995
93996
93998
94000
94001
94002
94005
94008
94009
94010
94014
94015
94016
94017
94018
94019
94020
94021
94022
94023
94024
94025
94026
94027
94028
94029
94030
94031
94033
94034
94035
94036
94037
94038
94039
94040
94041
94042
94043
94044
94045
94046
94047
94053
94054
94362
94363
94364
94365
94372
94377
94378
94380
94381
94382
94383
94384
94385
94386
94387
94389
94390
94391
94392
94394
94395
94396
94397
94398
94410
94415
94416
94418
94419
94420
94421
94422
94423
94424
94425
94426
94431
94437
94439
94442
94443
94447
94448
94450
94451
94452
94453
94454
94455
94457
94458
94459
94460
94461
94462
94463
94464
94469
94470
94471
94474
94475
94476
94477
94482
94506
94507
94508
94509
94510
94511
94512
94513
94514
94515
94516
94517
94518
94519
94520
94521
94522
94523
94524
94525
94526
94527
94528
94529
94530
94531
94536
94537
94538
94539
94540
94541
94542
94543
94544
94545
94546
94547
94548
94549
94550
94551
94552
94553
94554
94555
94560
94561
94562
94563
94564
94565
94566
94567
94569
94570
94571
94572
94573
94574
94575
94580
94581
94582
94583
94584
94585
94586
94587
94588
94589
94590
94591
94592
94593
94594
94595
94596
94597
94598
94599
94600
94601
94602
94603
94604
94605
94606
94607
94611
94612
94619
94622
94623
94626
94627
94628
94630
94631
94632
94633
94635
94636
94637
94639
94640
94641
94642
94643
94644
94645
94646
94647
94648
94649
94650
94651
94652
94653
94654
94655
94656
94657
94658
94659
94660
94661
94662
94663
94664
94665
94671
94673
94674
94675
94681
94682
94683
94684
94685
94686
94687
94688
94689
94690
94691
94692
94693
94694
94695
94696
94697
94698
94699
94700
94701
94702
94703
94704
94705
94706
94707
94708
94709
94710
94711
94712
94713
94714
94715
94716
94717
94718
94719
94720
94721
94722
94723
94724
94725
94726
94728
94729
94730
94731
94732
94735
94736
94738
94740
94742
94743
94747
94750
94751
94752
94753
94754
94755
94756
94757
94758
94759
94760
94761
94762
94763
94764
94765
94766
94767
94770
94780
94781
94783
94788
94790
94794
94795
94796
94797
94798
94799
94800
94801
94802
94803
94804
94805
94806
94807
94810
94813
94815
94816
94827
94828
94830
94831
94834
94835
94836
94837
94838
94839
94840
94847
94850
94851
94852
94853
94854
94856
94860
94865
94866
94868
94869
94870
94875
94876
94882
94883
94904
94905
94908
94909
94910
94920
94932
94933
94936
94937
94939
94940
94941
94942
94943
94944
94945
94951
94952
94953
94954
94957
94959
94960
94966
94967
94976
94990
94991
94993
94994
94995
94996
95000
95001
95002
95003
95004
95005
95007
95008
95009
95010
95011
95012
95021
95022
95023
95024
95038
95039
95040
95043
95044
95045
95046
95048
95049
95050
95051
95052
95053
95054
95061
95067
95068
95069
95070
95071
95091
95113
95114
95127
95128
95129
95130
95131
95132
95133
95134
95135
95136
95137
95138
95139
95146
95149
95150
95151
95152
95154
95155
95164
95166
95167
95168
95169
95170
95171
95172
95173
95174
95176
95177
95178
95215
95220
95230
95234
95237
95240
95243
95244
95247
95253
95255
95270
95271
95274
95280
95281
95282
95286
95308
95334
95341
95342
95343
95344
95345
95346
95347
95348
95353
95362
95372
95375
95381
95388
95389
95392
95393
95394
95395
95396
95397
95398
95399
95400
95401
95402
95403
95404
95405
95414
95429
95435
95437
95446
95447
95448
95449
95450
95451
95452
95453
95459
95469
95470
95471
95484
95485
95513
95514
95515
95516
95517
95518
95519
95527
95528
95529
95530
95531
95535
95536
95537
95538
95539
95540
95541
95542
95543
95545
95546
95558
95559
95563
95566
95571
95572
95573
95574
95575
95578
95579
95580
95581
95582
95591
95594
95596
95598
95614
95616
95617
95618
95619
95639
95640
95641
95662
95681
95695
95696
95715
95716
95727
95782
95783
95784
95794
95807
95815
95823
95824
95831
95832
95833
95834
95835
95836
95841
95854
95855
95856
95857
95858
95859
95860
95861
95862
95863
95864
95865
95866
95867
95868
95869
95870
95871
95872
95873
95874
95875
95881
95886
95887
95888
95889
95890
95891
95892
95893
95894
95895
95896
95897
95898
95899
95900
95901
95902
95903
95904
95905
95906
95907
95914
95915
95918
95920
95921
95922
95923
95927
95929
95930
95931
95932
95938
95939
95940
95941
95942
95952
95953
95956
95958
95959
95960
95962
95963
95964
95965
95966
95967
95968
95969
95970
95971
95972
95974
95976
95985
95987
95989
95990
95995
95996
96000
96001
96002
96017
96019
96021
96029
96030
96032
96033
96034
96035
96036
96037
96038
96039
96040
96041
96042
96043
96066
96070
96071
96072
96073
96074
96100
96114
96115
96116
96117
96118
96120
96121
96122
96123
96124
96141
96142
96143
96144
96146
96147
96148
96149
96150
96151
96152
96153
96154
96205
96206
96207
96208
96210
96214
96215
96217
96244
96268
96269
96272
96277
96278
96279
96280
96281
96282
96283
96284
96285
96286
96287
96288
96289
96290
96291
96292
96293
96295
96298
96304
96306
96307
96311
96316
96317
96319
96320
96325
96326
96327
96329
96333
96363
96370
96371
96372
96373
96374
96375
96400
96401
96402
96409
96416
96417
96432
96433
96434
96436
96445
96447
96456
96459
96460
96461
96462
96463
96464
96465
96491
96492
96493
96498
96499
96500
96501
96502
96504
96505
96506
96507
96508
96509
96510
96511
96512
96513
96514
96515
96516
96517
96518
96519
96520
96521
96522
96527
96535
96536
96538
96547
96548
96549
96552
96553
96554
96555
96556
96557
96560
96565
96566
96583
96584
96585
96588
96589
96590
96591
96592
96593
96594
96595
96596
96597
96598
96599
96600
96611
96614
96617
96618
96623
96625
96650
96651
96657
96660
96662
96668
96679
96680
96681
96682
96683
96688
96689
96691
96693
96695
96696
96697
96698
96699
96710
96712
96715
96719
96721
96722
96723
96724
96734
96780
96787
96788
96789
96790
96791
96792
96794
96802
96803
96804
96805
96806
96807
96829
96910
96911
96922
96923
96924
96925
96926
96937
96938
96941
96942
96943
96944
96945
96946
96947
96948
96949
96950
96951
96952
96953
96954
96955
96956
96960
96961
96965
96966
96967
96968
96969
96970
96972
96975
96976
96977
96985
97014
97028
97030
97041
97064
97069
97073
97075
97088
97089
97090
97091
97092
97093
97094
97095
97097
97098
97099
97111
97112
97115
97116
97117
97118
97120
97121
97122
97124
97125
97126
97127
97128
97129
97132
97133
97134
97136
97137
97138
97139
97142
97143
97147
97148
97150
97151
97152
97154
97155
97160
97161
97163
97195
97206
97207
97208
97209
97210
97211
97212
97213
97217
97218
97224
97226
97227
97228
97229
97230
97231
97232
97233
97293
97294
97320
97333
97379
97380
97385
97415
97416
97417
97419
97437
97473
97474
97475
97476
97493
97494
97495
97496
97497
97498
97499
97500
97501
97502
97503
97504
97505
97506
97507
97508
97509
97510
97511
97512
97513
97514
97515
97516
97517
97518
97519
97520
97521
97537
97587
97588
97589
97590
97591
97619
97628
97637
97670
97672
97673
97683
97684
97685
97686
97687
97750
97761
97762
97763
97764
97765
97766
97767
97768
97769
97770
97771
97809
97810
97845
97846
97848
97849
97851
97852
97853
97874
97875
97876
97877
97885
97911
97912
97913
97947
97962
97966
97974
97975
97976
97980
97981
97982
97983
98014
98018
98019
98022
98029
98030
98031
98032
98033
98034
98035
98036
98037
98038
98039
98040
98041
98043
98044
98066
98073
98074
98075
98076
98077
98078
98079
98080
98081
98082
98083
98084
98085
98086
98087
98088
98089
98090
98091
98092
98097
98184
98196
98213
98217
98220
98228
98229
98292
98295
98302
98303
98304
98305
98306
98307
98308
98311
98337
98344
98345
98346
98347
98348
98349
98350
98351
98352
98353
98354
98355
98363
98364
98365
98366
98367
98368
98456
98460
98484
98485
98486
98501
98502
98503
98504
98505
98506
98507
98508
98509
98525
98526
98532
98535
98538
98541
98547
98548
98549
98550
98551
98587
98588
98787
98848
