32470
50690
66858
66959
72681
75833
76103
76104
76105
76106
76107
76108
76112
76113
76114
76159
76169
76271
76272
76273
76274
76275
76278
76285
76286
76308
76361
76394
76426
76588
76600
76733
76997
78040
78234
78236
78251
78255
78289
78291
78348
78350
78352
78353
78530
78532
78544
78545
78564
78570
78589
78624
78627
78630
78656
78659
78665
78666
78669
78672
78685
78686
78687
78688
78689
78690
78691
78692
78694
78695
78696
78697
78700
78706
78714
78715
78716
78717
78718
78719
78722
78743
78749
78754
78895
78901
78902
78915
78929
78933
78934
78937
78950
78972
78996
78998
79089
79107
79109
79110
79115
79117
79118
79120
79123
79124
79127
79128
79129
79131
79132
79133
79139
79140
79145
79146
79147
79148
79149
79152
79154
79156
79158
79159
79160
79162
79165
79173
79174
79193
79194
79206
79216
79217
79221
79225
79234
79258
79259
79260
79261
79262
79263
79264
79265
79266
79300
79301
79302
79303
79304
79309
79310
79311
79312
79313
79327
79333
79337
79339
79343
79344
79346
79349
79354
79355
79356
79357
79367
79368
79370
79371
79372
79475
79476
79477
79480
79481
79525
79526
79529
79530
79538
79539
79540
79541
79543
79554
79555
79574
79580
79641
79642
79643
79644
79646
79650
79651
79679
79691
79692
79724
79725
79726
79727
79728
79944
79955
79956
79957
80079
80175
80176
80177
80178
80179
80203
80205
80207
80209
80210
80212
80213
80214
80215
80216
80217
80218
80312
80313
80314
80315
80316
80321
80334
80378
80392
80408
80434
80456
80500
80502
80508
80510
80514
80516
80565
80566
80567
80570
80576
80578
80670
80671
80672
80676
80679
80681
80682
80689
81556
81557
81558
81559
81574
81613
81632
81640
81661
81669
81685
81686
81688
81689
81692
81693
81797
81798
81886
81887
81888
81889
81890
81912
81913
81914
81915
81930
81945
81966
81990
82007
82042
82050
82059
82153
82214
82223
82224
82335
82390
82391
82393
82394
82395
82417
82418
82431
82432
82441
82452
82465
82466
82467
82477
82478
82479
82480
82482
82485
82495
82511
82539
82540
82628
82676
82680
82689
82748
82771
82781
82785
82786
82792
82796
82797
82799
82801
82809
82810
82814
82815
82832
82835
82843
82844
82845
82846
82847
82848
82849
82952
82956
82960
82969
82990
83092
83152
83153
83155
83159
83162
83164
83165
83166
83247
83271
83278
83279
83282
83283
83306
83321
83324
83325
83331
83333
83337
83338
83339
83492
83493
83494
83495
83496
83497
83529
83530
83548
83550
83551
83552
83627
83628
83629
83632
83639
83716
83766
83767
83768
83769
83770
84220
84246
84365
84367
84392
84409
84446
84664
84682
84908
86706
91063
91346
92000
92001
92002
92003
92004
92005
92006
92007
92012
92013
92030
92031
92106
92136
92156
92177
92178
92179
92180
92181
92182
92185
92895
92897
92899
92900
92901
92904
92905
92924
92925
92927
92928
92929
92930
92931
92932
92933
92934
92935
92936
92937
92938
92951
92952
92953
92954
92955
92957
92958
92961
92962
92963
92964
92965
92966
92967
92968
92969
92970
92971
92972
92973
92974
92975
92976
92977
92978
92979
92980
92981
92982
92983
92984
92985
92986
92987
92988
92989
92990
92991
92992
92993
92994
92995
92996
92997
92998
92999
93000
93001
93002
93003
93004
93005
93006
93007
93008
93009
93010
93011
93012
93018
93019
93022
93023
93024
93047
93057
93063
93064
93073
93074
93075
93077
93078
93079
93080
93081
93082
93083
93084
93085
93087
93088
93091
93093
93094
93095
93097
93098
93099
93100
93101
93102
93103
93104
93105
93106
93107
93108
93109
93110
93111
93112
93113
93114
93115
93116
93117
93118
93120
93131
93132
93133
93134
93135
93136
93137
93138
93139
93140
93141
93142
93143
93147
93148
93149
93150
93151
93152
93171
93180
93181
93199
93229
93233
93239
93244
93263
93265
93266
93339
93340
93385
93386
93387
93388
93389
93390
93391
93392
93393
93396
93413
93414
93417
93418
93419
93420
93423
93424
93425
93426
93449
93452
93453
93454
93495
93497
93499
93501
93502
93503
93504
93505
93506
93511
93519
93525
93576
93581
93582
93586
93593
93595
93598
93599
93600
93605
93607
93608
93611
93612
93613
93614
93627
93628
93640
93641
93642
93668
93683
93690
93691
93692
93693
93694
93695
93696
93697
93698
93699
93700
93701
93702
93703
93704
93705
93706
93707
93708
93709
93710
93711
93712
93713
93714
93716
93717
93719
93751
93752
93753
93755
93756
93757
93758
93766
93769
93774
93782
93783
93784
93792
93816
93841
93842
93843
93849
93851
93852
93870
93877
93878
93879
93890
93891
93892
93899
93904
93905
93906
93907
93910
93912
93913
93929
93930
93931
93933
93942
93943
93945
93969
94031
94035
94036
94040
94363
94372
94380
94381
94382
94383
94385
94386
94396
94418
94423
94447
94450
94451
94452
94453
94455
94457
94464
94474
94475
94476
94477
94519
94520
94521
94522
94523
94524
94525
94526
94527
94528
94529
94530
94531
94582
94622
94623
94630
94635
94636
94637
94735
94736
94738
94790
94796
94798
94800
94802
94803
94804
94805
94806
94831
94834
94835
94836
94837
94838
94839
94840
94847
94850
94868
94869
94870
94882
94883
94909
94910
94920
94932
94933
94936
94937
94941
94954
94957
94993
95008
95009
95021
95022
95023
95024
95069
95070
95071
95114
95215
95245
95268
95276
95324
95336
95355
95373
95406
95407
95408
95409
95410
95411
95412
95413
95416
95438
95439
95440
95468
95482
95520
95521
95522
95523
95524
95525
95547
95548
95549
95550
95551
95552
95553
95554
95564
95673
95768
95779
95780
95781
95804
95842
95843
95933
95954
95973
96004
96048
96049
96051
96052
96053
96054
96080
96089
96090
96091
96092
96093
96094
96095
96096
96097
96098
96099
96110
96111
96112
96113
96223
96224
96225
96226
96227
96228
96229
96230
96231
96232
96233
96238
96242
96245
96267
96271
96273
96275
96276
96305
96310
96338
96349
96352
96354
96360
96361
96382
96388
96389
96410
96439
96440
96441
96442
96443
96444
96446
96450
96451
96457
96458
96466
96467
96469
96471
96472
96473
96474
96475
96496
96497
96503
96523
96525
96528
96532
96534
96539
96540
96541
96542
96543
96544
96545
96546
96567
96568
96569
96570
96571
96572
96573
96574
96575
96576
96577
96578
96612
96614
96615
96633
96635
96637
96639
96640
96641
96642
96643
96644
96649
96703
96705
96708
96709
96711
96713
96714
96716
96717
96718
96720
96725
96726
96727
96728
96729
96730
96731
96732
96733
96744
96745
96746
96801
96808
96809
96845
96936
96995
97016
97026
97031
97034
97035
97036
97037
97071
97072
97077
97080
97081
97082
97083
97084
97085
97086
97087
97141
97215
97256
97321
97381
97382
97383
97384
97454
97455
97457
97458
97459
97460
97461
97462
97463
97464
97465
97482
97535
97557
97559
97562
97565
97571
97616
97621
97622
97624
97625
97640
97661
97662
97668
97669
97910
97945
97978
98172
98204
98218
98226
98228
98229
98232
98234
98343
98388
98406
98414
98415
98416
98419
98420
98428
98473
98474
98515