32470
50690
66858
66959
72681
75833
76103
76104
76105
76106
76107
76108
76112
76113
76114
76159
76169
76271
76272
76273
76274
76275
76278
76285
76286
76308
76361
76394
76426
76588
76600
76733
76997
78040
78234
78236
78251
78255
78289
78291
78348
78350
78352
78353
78530
78532
78544
78545
78564
78570
78589
78624
78627
78630
78656
78659
78665
78666
78669
78672
78685
78686
78687
78688
78689
78690
78691
78692
78694
78695
78696
78697
78700
78706
78714
78715
78716
78717
78718
78719
78722
78743
78749
78754
78895
78901
78902
78915
78929
78933
78934
78937
78950
78972
78996
78998
79089
79107
79109
79110
79115
79117
79118
79120
79123
79124
79127
79128
79129
79131
79132
79133
79139
79140
79145
79146
79147
79148
79149
79152
79154
79156
79158
79159
79160
79162
79165
79173
79174
79193
79194
79206
79216
79217
79221
79225
79234
79258
79259
79260
79261
79262
79263
79264
79265
79266
79300
79301
79302
79303
79304
79309
79310
79311
79312
79313
79327
79333
79337
79339
79343
79344
79346
79349
79354
79355
79356
79357
79367
79368
79370
79371
79372
79475
79476
79477
79480
79481
79525
79526
79529
79530
79538
79539
79540
79541
79543
79554
79555
79574
79580
79641
79642
79643
79644
79646
79650
79651
79679
79691
79692
79724
79725
79726
79727
79728
79944
79955
79956
79957
80079
80175
80176
80177
80178
80179
80203
80205
80207
80209
80210
80212
80213
80214
80215
80216
80217
80218
80312
80313
80314
80315
80316
80321
80334
80378
80392
80408
80434
80456
80500
80502
80508
80510
80514
80516
80565
80566
80567
80570
80576
80578
80670
80671
80672
80676
80679
80681
80682
80689
81556
81557
81558
81559
81574
81613
81632
81640
81661
81669
81685
81686
81688
81689
81692
81693
81797
81798
81886
81887
81888
81889
81890
81912
81913
81914
81915
81930
81945
81966
81990
82007
82042
82050
82059
82153
82214
82223
82224
82335
82390
82391
82393
82394
82395
82417
82418
82431
82432
82441
82452
82465
82466
82467
82477
82478
82479
82480
82482
82485
82495
82511
82539
82540
82628
82676
82680
82689
82748
82771
82781
82785
82786
82792
82796
82797
82799
82801
82809
82810
82814
82815
82832
82835
82843
82844
82845
82846
82847
82848
82849
82952
82956
82960
82969
82990
83092
83152
83153
83155
83159
83162
83164
83165
83166
83247
83271
83278
83279
83282
83283
83306
83321
83324
83325
83331
83333
83337
83338
83339
83492
83493
83494
83495
83496
83497
83529
83530
83548
83550
83551
83552
83627
83628
83629
83632
83639
83716
83766
83767
83768
83769
83770
84220
84246
84365
84367
84392
84409
84446
84664
84682
84908
86706
91063
91346
95245
95268
95276
95324
95336
95355
95373
95406
95407
95408
95409
95410
95411
95412
95413
95416
95438
95439
95440
95468
95482
95520
95521
95522
95523
95524
95525
95547
95548
95549
95550
95551
95552
95553
95554
95564
95673
95768
95779
95780
95781
95804
95842
95843
95933
95954
95973
96004
96048
96049
96051
96052
96053
96054
96080
96089
96090
96091
96092
96093
96094
96095
96096
96097
96098
96099
96110
96111
96112
96113
96223
96224
96225
96226
96227
96228
96229
96230
96231
96232
96233
96238
96242
96245
96267
96271
96273
96275
96276
96305
96310
96338
96349
96352
96354
96360
96361
96382
96388
96389
96410
96439
96440
96441
96442
96443
96444
96446
96450
96451
96457
96458
96466
96467
96469
96471
96472
96473
96474
96475
96496
96497
96503
96523
96525
96528
96532
96534
96539
96540
96541
96542
96543
96544
96545
96546
96567
96568
96569
96570
96571
96572
96573
96574
96575
96576
96577
96578
96612
96615
96633
96635
96637
96639
96640
96641
96642
96643
96644
96649
96703
96705
96708
96709
96711
96713
96714
96716
96717
96718
96720
96725
96726
96727
96728
96729
96730
96731
96732
96733
96744
96745
96746
96801
96808
96809
96845
96936
96995
97016
97026
97031
97034
97035
97036
97037
97071
97072
97077
97080
97081
97082
97083
97084
97085
97086
97087
97141
97215
97256
97321
97381
97382
97383
97384
97454
97455
97457
97458
97459
97460
97461
97462
97463
97464
97465
97482
97535
97557
97559
97562
97565
97571
97616
97621
97622
97624
97625
97640
97661
97662
97668
97669
97910
97945
97978
98172
98204
98218
98226
98232
98234
98343
98388
98406
98414
98415
98416
98419
98420
98428
98473
98474
98515